image_width: 1280
image_height: 720
camera_name: snapcam1
camera_matrix:
  rows: 3
  cols: 3
  data: [202.52310061128475,0,640.79858539940767,  0,202.52310061128475,361.327674840486,  0,0,1]
distortion_model: plumb_bob
distortion_coefficients:
  rows: 1
  cols: 5
  data: [0,0,-0.0045420432212910523 -0.00051334513554468541,0]
rectification_matrix:
  rows: 3
  cols: 3
  data: [1, 0, 0, 0, 1, 0, 0, 0, 1]
projection_matrix:
  rows: 3
  cols: 4
  data: [202.52310061128475,0,640.79858539940767,0,  0,202.52310061128475,361.327674840486,0,  0,0,1,1]
  